 Point Forecast     Lo 80     Hi 80     Lo 95     Hi 95
63      0.9171747 0.8936983 0.9406512 0.8812706 0.9530788
64      0.9123099 0.8727405 0.9518792 0.8517937 0.9728260
65      0.9057691 0.8567515 0.9547866 0.8308031 0.9807350
66      0.8992282 0.8411095 0.9573470 0.8103433 0.9881132
67      0.8926874 0.8255945 0.9597804 0.7900776 0.9952973
68      0.8861466 0.8100921 0.9622012 0.7698312 1.0024621
69      0.8796058 0.7945364 0.9646753 0.7495033 1.0097084
70      0.8730650 0.7788867 0.9672434 0.7290317 1.0170984
71      0.8665242 0.7631170 0.9699315 0.7083765 1.0246720
72      0.8599834 0.7472099 0.9727569 0.6875112 1.0324556
