Point Forecast     Lo 80     Hi 80     Lo 95    Hi 95
63      0.9494087 0.9056291 0.9931883 0.8824535 1.016364
64      0.9430517 0.8763397 1.0097637 0.8410245 1.045079
65      0.9366947 0.8490163 1.0243731 0.8026021 1.070787
66      0.9303377 0.8221078 1.0385676 0.7648143 1.095861
67      0.9239807 0.7950811 1.0528803 0.7268458 1.121116
68      0.9176237 0.7676980 1.0675494 0.6883322 1.146915
69      0.9112667 0.7398389 1.0826946 0.6490905 1.173443
70      0.9049097 0.7114401 1.0983794 0.6090234 1.200796
71      0.8985527 0.6824678 1.1146377 0.5680793 1.229026
72      0.8921958 0.6529048 1.1314867 0.5262319 1.258160
