Point Forecast    Lo 80    Hi 80    Lo 95    Hi 95
63       1.027002 1.012444 1.041561 1.004737 1.049268
64       1.033613 1.013024 1.054202 1.002125 1.065101
65       1.040223 1.015007 1.065440 1.001659 1.078788
66       1.046834 1.017717 1.075951 1.002303 1.091365
67       1.053445 1.020891 1.085999 1.003657 1.103232
68       1.060055 1.024394 1.095716 1.005516 1.114594
69       1.066666 1.028147 1.105184 1.007757 1.125575
70       1.073276 1.032098 1.114454 1.010300 1.136253
71       1.079887 1.036211 1.123563 1.013090 1.146683
72       1.086497 1.040459 1.132536 1.016088 1.156907
